320 320

0   20  350 20  0   0   0
45  20  71  55  70  45  20
90  20  70  60  130 90  50
68  58  250 50  20  340 150
70  54  75  100 130  60  40
240 20  245 54  110 90  80
245 48  250 51  0   20  5
250 50  230 137 70  120 50

220 122 169 159 50  234 225
172 162 220 122 60  240 35
173 154 175 165 120 35  20
184 161 100 150 220 120 70
222 125 90  98  230 185 200

92  98  53  116 180 100 50
53  115 68  108 330 320 20
54  130 65  122 300 330 15
53  115 55  132 130 30  20
54  130 61  141 110 20  15
60  140 86  144 330 90  35
100 150 85  140 130 260 30

60  140 100 200 110 45  45
120 140 135 185 30  52  25
134 184 146 197 45  70  25

145 195 133 215 45  235 90
130 193 126 210 90  110 20
100 200 117 235 90 0 40
115 235 110 222 0 110 120
114 235 130 217 45 190 76
124 240 130 231 35 180 100

150 200 158 198 0 0 0
158 198 180 213 0 0 0
180 213 183 186 289 270 50
183 188 200 185 0 340 15
223 188 222 211 80 130 30
180 213 223 210 350 280 5

141 230 204 242 340 80 100
204 240 159 280 83 180 80
162 280 160 297 190 0 60
156 297 173 295 350 340 5
130 244 151 283 90 45 40
150 240 160 239 0 0 0

213 211 220 250 90 80 20
220 249 218 268 0 230 60
222 258 227 262 60 20 5
222 282 233 272 60 270 90
233 280 243 267 45 270 75

146  279 148 293 120 70 20 
150  290 162 320 145 0 50
159  320 178 308 0 270 25

186  316 191 278 210 0 65
190  278 207 316 350 135 60 
186  316 209 315 20 345 20 
195  302 197 303 180 0 2
156  305 157 307 180 0 2

150  315 157 330 90 20 30
155  330 200 365 75 5 45
199  365 226 270 5 225 144

205 365 233 345 30 270 45
213 363 239 334 30 270 45
